10
96.841
0 1 26.841 8.738
0 2 34.973 7.826
0 3 28.738 1.762
0 4 63.946 11.317
0 5 15.953 11.419
0 6 12.55 1.306
0 7 4.585 8.427
0 8 45.278 7.726
0 9 93.425 11.586
1 2 78.196 8.052
1 3 95.478 0.565
1 4 76.919 0.877
1 5 35.837 6.699
1 6 84.543 3.922
1 7 66.078 2.674
1 8 28.888 7.952
1 9 19.733 5.204
2 3 50.133 7.578
2 4 1.617 11.058
2 5 25.813 6.396
2 6 84.474 6.23
2 7 6.439 9.296
2 8 27.799 1.667
2 9 70.814 5.629
3 4 26.027 11.533
3 5 97.027 9.037
3 6 13.002 9.023
3 7 12.062 7.449
3 8 58.316 10.189
3 9 44.725 10.953
4 5 54.349 1.318
4 6 93.419 8.975
4 7 16.206 4.996
4 8 26.213 5.371
4 9 83.659 0.577
5 6 62.802 3.476
5 7 81.66 11.425
5 8 67.267 1.986
5 9 29.628 8.869
6 7 77.095 6.006
6 8 14.143 2.83
6 9 25.111 0.111
7 8 50.646 0.008
7 9 4.847 0.026
8 9 81.799 2.562