20
96.841
0 1 69.27 3.964
0 2 70.185 3.099
0 3 55.119 3.221
0 4 3.124 2.101
0 5 40.464 4.788
0 6 18.585 2.44
0 7 55.941 4.656
0 8 51.588 0.654
0 9 53.701 0.605
0 10 58.524 0.049
0 11 85.076 2.162
0 12 33.745 1.882
0 13 72.252 2.946
0 14 47.044 1.991
0 15 14.163 0.369
0 16 58.108 0.264
0 17 68.701 0.875
0 18 20.145 0.666
0 19 6.911 0.311
1 2 41.742 0.008
1 3 37.444 4.044
1 4 41.051 3.312
1 5 5.11 0.473
1 6 85.289 5.478
1 7 38.916 3.061
1 8 12.549 0.39
1 9 42.618 5.187
1 10 15.848 4.239
1 11 27.494 1.391
1 12 30.721 2.628
1 13 51.206 5.642
1 14 90.731 3.353
1 15 70.919 2.395
1 16 62.982 2.094
1 17 30.404 3.54
1 18 27.109 2.278
1 19 3.661 2.547
2 3 50.349 0.974
2 4 80.548 2.761
2 5 96.126 5.782
2 6 10.734 0.184
2 7 13.684 1.92
2 8 81.658 2.019
2 9 2.063 1.196
2 10 73.5 4.391
2 11 59.608 1.405
2 12 54.364 3.306
2 13 91.16 3.654
2 14 41.413 5.442
2 15 5.534 3.139
2 16 20.821 0.621
2 17 61.024 2.938
2 18 33.702 0.517
2 19 38.247 1.406
3 4 41.36 2.979
3 5 41.381 1.25
3 6 77.169 4.339
3 7 99.714 4.883
3 8 75.517 2.7
3 9 85.526 4.108
3 10 72.553 2.513
3 11 5.662 0.989
3 12 49.048 0.251
3 13 3.775 4.42
3 14 1.572 0.164
3 15 40.384 0.025
3 16 38.111 0.002
3 17 19.704 5.273
3 18 65.782 3.576
3 19 65.283 0.209
4 5 96.63 0.846
4 6 20.442 0.32
4 7 37.678 0.28
4 8 57.204 0.47
4 9 19.157 0.298
4 10 97.272 1.382
4 11 8.119 6.005
4 12 82.455 3.556
4 13 50.139 3.024
4 14 99.619 2.323
4 15 2.102 3.757
4 16 53.841 4.515
4 17 54.549 1.729
4 18 24.001 1.506
4 19 79.685 1.653
5 6 34.17 2.77
5 7 62.93 5.64
5 8 27.268 4.828
5 9 36.867 1.732
5 10 74.931 3.125
5 11 10.958 1.596
5 12 97.09 0.68
5 13 71.06 5.525
5 14 13.812 5.809
5 15 17.436 1.53
5 16 24.784 0.115
5 17 96.021 2.08
5 18 17.504 4.94
5 19 75.88 0.557
6 7 9.177 4.742
6 8 13.658 4.772
6 9 13.272 5.523
6 10 43.42 1.745
6 11 42.072 4.198
6 12 41.628 3.99
6 13 39.98 5.888
6 14 83.828 0.132
6 15 22.181 1.953
6 16 17.75 3.757
6 17 88.479 4.283
6 18 74.749 3.119
6 19 62.547 4.972
7 8 62.938 1.23
7 9 21.486 4.265
7 10 12.22 1.589
7 11 90.671 3.361
7 12 26.747 2.826
7 13 97.964 2.578
7 14 80.013 1.413
7 15 92.35 0.511
7 16 6.258 4.187
7 17 24.635 3.076
7 18 11.301 2.98
7 19 32.047 4.57
8 9 79.151 2.768
8 10 27.262 1.284
8 11 92.25 3.635
8 12 86.466 1.822
8 13 11.141 1.581
8 14 6.92 2.598
8 15 98.842 4.119
8 16 59.743 0.982
8 17 25.15 3.369
8 18 69.131 5.117
8 19 18.31 4.453
9 10 34.052 0.085
9 11 63.211 4.793
9 12 34.835 3.431
9 13 18.653 4.479
9 14 29.721 5.439
9 15 64.23 3.892
9 16 83.167 5.161
9 17 10.334 5.812
9 18 99.619 5.45
9 19 84.586 2.695
10 11 53.672 5.979
10 12 39.105 5.935
10 13 29.855 4.794
10 14 80.796 2.802
10 15 35.379 4.839
10 16 13.541 5.503
10 17 54.0 6.0
10 18 6.767 0.513
10 19 54.934 0.41
11 12 96.158 3.952
11 13 51.761 4.429
11 14 72.908 3.602
11 15 30.589 5.353
11 16 28.262 4.17
11 17 85.58 4.418
11 18 78.602 2.67
11 19 91.269 1.381
12 13 80.023 0.369
12 14 26.004 3.386
12 15 56.972 4.643
12 16 9.255 0.764
12 17 34.301 0.498
12 18 40.738 4.861
12 19 99.681 5.404
13 14 76.769 2.382
13 15 1.376 1.867
13 16 3.695 5.002
13 17 56.116 4.952
13 18 75.494 3.219
13 19 46.92 0.913
14 15 96.812 0.015
14 16 49.29 0.001
14 17 60.206 4.637
14 18 12.214 2.277
14 19 1.887 5.69
15 16 1.686 0.0
15 17 73.769 4.11
15 18 54.105 1.163
15 19 94.567 0.675
16 17 6.18 3.223
16 18 75.677 3.975
16 19 68.419 1.331
17 18 19.122 3.567
17 19 2.738 4.962
18 19 31.539 4.003