50
96.841
0 1 76.834 2.086
0 2 94.525 1.663
0 3 26.867 0.733
0 4 83.196 0.32
0 5 12.234 1.042
0 6 32.728 2.186
0 7 5.668 0.917
0 8 70.15 2.031
0 9 33.953 0.388
0 10 10.359 1.348
0 11 26.2 0.889
0 12 38.328 1.709
0 13 28.371 0.998
0 14 86.703 0.56
0 15 30.665 0.367
0 16 2.627 0.662
0 17 1.112 2.119
0 18 15.664 0.839
0 19 47.77 1.847
0 20 15.567 1.986
0 21 27.023 1.798
0 22 36.728 0.368
0 23 87.577 1.553
0 24 49.274 1.934
0 25 15.677 0.132
0 26 67.83 1.447
0 27 68.09 1.158
0 28 4.864 1.058
0 29 31.0 1.345
0 30 88.081 0.833
0 31 58.651 1.596
0 32 94.261 1.581
0 33 47.671 0.168
0 34 97.16 1.606
0 35 35.086 0.766
0 36 83.58 0.19
0 37 78.403 0.151
0 38 65.854 1.834
0 39 46.005 1.243
0 40 7.58 0.641
0 41 75.055 1.457
0 42 91.532 0.952
0 43 7.066 0.171
0 44 35.831 1.105
0 45 72.075 1.345
0 46 36.852 0.72
0 47 51.919 1.075
0 48 76.663 2.107
0 49 38.421 0.247
1 2 12.618 0.927
1 3 38.428 0.747
1 4 77.658 1.444
1 5 82.006 2.078
1 6 4.8 1.481
1 7 12.087 1.946
1 8 76.104 0.318
1 9 27.339 1.069
1 10 68.126 1.075
1 11 88.943 0.036
1 12 35.86 0.18
1 13 69.899 0.986
1 14 40.938 0.698
1 15 53.307 0.649
1 16 33.652 0.815
1 17 7.861 0.942
1 18 23.854 0.18
1 19 68.3 1.748
1 20 56.98 2.026
1 21 37.113 0.816
1 22 37.044 0.963
1 23 72.059 0.481
1 24 30.275 0.015
1 25 51.78 0.318
1 26 2.181 0.071
1 27 79.567 0.665
1 28 6.469 0.139
1 29 23.93 0.633
1 30 53.415 1.159
1 31 38.817 1.176
1 32 45.257 0.617
1 33 16.483 1.675
1 34 5.894 1.016
1 35 56.437 0.558
1 36 49.397 1.065
1 37 85.909 0.372
1 38 94.873 2.114
1 39 54.757 0.228
1 40 90.994 2.021
1 41 16.32 0.815
1 42 41.362 0.025
1 43 79.545 1.477
1 44 60.009 0.749
1 45 31.014 1.404
1 46 40.586 1.318
1 47 19.735 1.315
1 48 81.207 0.44
1 49 51.104 0.4
2 3 84.291 1.127
2 4 77.87 2.176
2 5 61.057 0.541
2 6 26.725 0.36
2 7 70.797 0.272
2 8 7.307 0.864
2 9 21.774 0.525
2 10 4.136 1.69
2 11 29.82 0.56
2 12 30.31 0.763
2 13 84.731 0.435
2 14 14.516 0.28
2 15 89.406 0.38
2 16 27.949 0.26
2 17 36.943 1.827
2 18 36.287 0.729
2 19 79.863 1.203
2 20 66.845 1.915
2 21 42.683 0.071
2 22 82.564 1.382
2 23 14.827 2.153
2 24 84.631 0.137
2 25 12.387 1.806
2 26 42.693 1.137
2 27 63.69 1.584
2 28 48.225 1.549
2 29 15.122 0.036
2 30 26.907 1.791
2 31 43.324 0.634
2 32 86.195 2.128
2 33 21.214 0.19
2 34 7.275 2.088
2 35 17.885 0.819
2 36 66.283 0.723
2 37 21.682 0.028
2 38 88.871 1.592
2 39 34.996 0.224
2 40 93.61 1.457
2 41 72.532 0.008
2 42 47.818 0.592
2 43 8.761 0.688
2 44 38.92 0.672
2 45 85.032 1.502
2 46 38.747 1.27
2 47 79.241 1.998
2 48 0.941 1.645
2 49 21.328 0.016
3 4 14.444 0.863
3 5 37.591 1.435
3 6 89.068 0.59
3 7 61.536 0.992
3 8 7.633 0.291
3 9 92.73 1.909
3 10 59.422 0.27
3 11 3.513 1.029
3 12 94.809 2.157
3 13 50.142 0.014
3 14 57.637 0.988
3 15 0.228 0.697
3 16 70.764 0.275
3 17 45.92 0.484
3 18 2.805 0.361
3 19 16.838 1.635
3 20 9.787 1.232
3 21 5.225 1.723
3 22 87.902 1.472
3 23 97.783 1.159
3 24 91.73 1.807
3 25 68.595 0.927
3 26 29.807 0.517
3 27 76.903 0.593
3 28 66.674 1.51
3 29 13.785 0.702
3 30 97.54 1.13
3 31 65.758 0.077
3 32 19.589 1.654
3 33 33.36 0.762
3 34 26.381 0.175
3 35 93.265 1.48
3 36 66.571 1.662
3 37 54.867 0.819
3 38 4.167 0.38
3 39 38.959 1.171
3 40 59.797 0.088
3 41 84.449 1.659
3 42 2.741 0.13
3 43 77.613 0.48
3 44 48.685 0.858
3 45 49.841 1.301
3 46 22.045 0.147
3 47 54.686 0.711
3 48 77.813 0.127
3 49 58.044 0.071
4 5 84.257 0.993
4 6 39.946 0.121
4 7 4.266 1.648
4 8 38.234 1.312
4 9 67.998 1.993
4 10 11.326 0.734
4 11 10.012 1.254
4 12 28.512 1.22
4 13 16.56 1.851
4 14 43.052 2.067
4 15 25.982 0.263
4 16 97.521 0.464
4 17 27.012 0.371
4 18 80.355 0.049
4 19 40.079 0.26
4 20 1.262 1.22
4 21 7.881 0.794
4 22 35.515 1.809
4 23 27.17 1.863
4 24 52.887 1.458
4 25 47.167 0.015
4 26 94.437 0.397
4 27 46.091 1.442
4 28 29.354 0.784
4 29 91.344 1.725
4 30 4.163 1.32
4 31 5.371 1.075
4 32 85.236 0.282
4 33 3.329 1.05
4 34 70.585 0.97
4 35 2.439 0.493
4 36 60.018 0.797
4 37 22.54 1.442
4 38 7.194 2.147
4 39 79.402 0.515
4 40 44.088 0.991
4 41 66.537 1.024
4 42 55.698 0.777
4 43 31.902 0.876
4 44 83.131 0.006
4 45 6.118 2.073
4 46 7.395 1.787
4 47 80.798 1.717
4 48 44.039 1.717
4 49 65.497 1.422
5 6 0.199 1.625
5 7 70.868 1.126
5 8 50.953 0.043
5 9 17.304 1.804
5 10 59.984 0.391
5 11 85.134 1.035
5 12 27.425 1.419
5 13 49.974 1.659
5 14 79.748 0.092
5 15 81.372 1.278
5 16 85.364 1.353
5 17 72.903 0.789
5 18 50.397 2.165
5 19 76.485 0.719
5 20 9.669 0.808
5 21 48.333 0.6
5 22 96.477 0.435
5 23 52.316 1.76
5 24 15.409 0.996
5 25 29.003 2.097
5 26 89.772 1.188
5 27 18.093 0.285
5 28 34.579 0.186
5 29 66.906 1.923
5 30 88.421 2.046
5 31 80.343 2.168
5 32 6.714 1.724
5 33 73.195 1.963
5 34 89.527 1.667
5 35 56.779 1.68
5 36 16.041 0.549
5 37 62.065 1.062
5 38 27.594 0.095
5 39 39.117 1.413
5 40 86.643 0.157
5 41 47.621 1.503
5 42 88.501 0.289
5 43 27.194 0.225
5 44 4.724 0.121
5 45 7.582 1.278
5 46 63.301 0.458
5 47 79.014 1.377
5 48 26.667 0.512
5 49 60.206 1.547
6 7 2.792 2.017
6 8 39.29 1.411
6 9 67.719 2.004
6 10 51.069 0
6 11 42.336 0.842
6 12 34.298 1.069
6 13 81.811 1.73
6 14 7.795 2.134
6 15 25.858 0.535
6 16 31.084 1.949
6 17 93.887 2.122
6 18 62.524 2.106
6 19 18.197 0.415
6 20 36.296 1.571
6 21 73.041 0
6 22 37.768 1.184
6 23 59.775 0.918
6 24 97.161 0.801
6 25 88.162 0.204
6 26 65.173 0.38
6 27 13.071 0.466
6 28 18.402 0.737
6 29 10.0 0
6 30 26.5 0.048
6 31 92.591 0.541
6 32 20.075 2.099
6 33 27.87 0.879
6 34 36.451 1.591
6 35 78.948 1.751
6 36 61.142 0.262
6 37 60.342 0
6 38 34.123 0.313
6 39 90.597 1.879
6 40 51.735 0.449
6 41 19.767 0.737
6 42 57.126 1.865
6 43 35.724 0.543
6 44 26.529 1.371
6 45 13.529 0.777
6 46 52.009 1.334
6 47 71.16 1.774
6 48 30.277 2.087
6 49 88.686 0
7 8 62.649 0.707
7 9 25.326 0.912
7 10 49.749 0.926
7 11 37.554 0.439
7 12 76.291 0.69
7 13 25.413 0.934
7 14 92.141 0.101
7 15 44.907 2.123
7 16 19.924 0.98
7 17 81.204 0.026
7 18 31.067 1.32
7 19 59.191 1.914
7 20 67.735 1.466
7 21 20.177 1.876
7 22 17.16 1.849
7 23 69.788 1.609
7 24 40.493 1.347
7 25 39.071 1.224
7 26 37.171 0.327
7 27 5.424 0.058
7 28 34.135 1.868
7 29 46.014 0.708
7 30 35.583 0.418
7 31 60.545 0.771
7 32 72.193 0.893
7 33 16.444 1.007
7 34 42.508 1.829
7 35 12.025 0.668
7 36 86.761 1.327
7 37 63.891 1.484
7 38 17.062 1.792
7 39 87.358 1.904
7 40 24.351 1.628
7 41 35.417 0.526
7 42 95.576 0.923
7 43 25.729 1.512
7 44 64.061 0.328
7 45 70.873 0.244
7 46 29.667 0.245
7 47 76.704 0.114
7 48 67.026 0.011
7 49 86.763 1.82
8 9 94.429 2.149
8 10 23.331 0.034
8 11 61.004 1.14
8 12 28.665 1.449
8 13 17.851 0.153
8 14 30.215 1.621
8 15 98.811 0.155
8 16 67.471 1.264
8 17 86.706 0.804
8 18 34.366 1.035
8 19 7.84 1.873
8 20 99.297 1.966
8 21 45.574 0.691
8 22 54.927 0.651
8 23 81.531 1.84
8 24 16.267 1.725
8 25 75.075 0.801
8 26 21.806 1.841
8 27 8.836 1.225
8 28 28.205 1.2
8 29 32.945 1.892
8 30 61.361 1.255
8 31 30.017 0.609
8 32 12.176 0.009
8 33 7.777 0.051
8 34 1.052 1.305
8 35 24.914 0.626
8 36 5.859 0.791
8 37 47.378 0.368
8 38 13.384 1.356
8 39 18.817 1.366
8 40 87.479 1.134
8 41 94.35 0.425
8 42 14.555 1.2
8 43 96.09 0.396
8 44 91.968 0.416
8 45 93.334 0.011
8 46 8.656 1.665
8 47 75.209 0.545
8 48 24.235 0.927
8 49 9.074 0.344
9 10 22.708 0.198
9 11 61.391 1.952
9 12 84.084 1.203
9 13 7.101 0.604
9 14 4.535 0.49
9 15 93.133 0.841
9 16 84.625 1.684
9 17 90.489 1.917
9 18 90.406 0.263
9 19 53.205 1.337
9 20 76.666 1.785
9 21 3.312 0.28
9 22 17.248 1.947
9 23 98.044 1.863
9 24 4.458 1.859
9 25 69.814 0.251
9 26 52.117 0.278
9 27 50.944 1.424
9 28 26.93 0.29
9 29 92.222 0.444
9 30 29.171 0.365
9 31 61.413 0.969
9 32 76.787 0.658
9 33 49.204 1.83
9 34 78.839 0.675
9 35 29.239 0.158
9 36 7.63 1.212
9 37 92.351 1.174
9 38 11.991 0.481
9 39 30.123 0.709
9 40 94.895 1.109
9 41 70.578 1.858
9 42 5.474 1.957
9 43 69.307 0.624
9 44 77.868 1.125
9 45 55.999 0.531
9 46 37.109 1.543
9 47 71.369 2.191
9 48 47.868 1.05
9 49 50.079 1.799
10 11 13.051 1.806
10 12 98.629 1.61
10 13 97.136 0.311
10 14 35.394 2.049
10 15 48.77 0.438
10 16 86.455 1.934
10 17 68.604 1.074
10 18 30.415 1.596
10 19 13.486 2.092
10 20 79.267 0.447
10 21 41.845 0
10 22 4.021 1.085
10 23 14.305 0.935
10 24 86.808 1.151
10 25 66.717 1.233
10 26 4.294 1.154
10 27 71.786 0.931
10 28 11.868 1.911
10 29 5.016 0
10 30 36.091 0.077
10 31 31.848 2.112
10 32 85.456 0.648
10 33 18.463 0.76
10 34 6.36 0.779
10 35 65.553 0.713
10 36 96.542 0.093
10 37 47.547 0
10 38 4.951 1.327
10 39 32.125 0.622
10 40 57.339 1.415
10 41 78.562 1.937
10 42 44.071 0.772
10 43 59.428 1.314
10 44 97.929 0.619
10 45 93.68 0.848
10 46 95.509 1.782
10 47 9.631 1.122
10 48 37.417 0.488
10 49 15.204 0
11 12 26.011 1.187
11 13 7.76 1.806
11 14 78.538 0.747
11 15 8.511 0.461
11 16 95.737 0.438
11 17 56.345 1.497
11 18 6.832 1.257
11 19 31.298 0.537
11 20 91.581 0.741
11 21 2.624 1.353
11 22 8.729 0.195
11 23 72.912 1.26
11 24 46.83 0.758
11 25 7.051 1.039
11 26 88.975 1.956
11 27 43.643 1.373
11 28 26.91 1.763
11 29 40.837 2.051
11 30 63.132 0.125
11 31 40.345 2.078
11 32 88.697 0.592
11 33 41.705 1.286
11 34 74.307 1.435
11 35 66.138 0.446
11 36 36.928 1.313
11 37 19.241 2.031
11 38 96.611 1.112
11 39 95.925 1.313
11 40 70.789 0.34
11 41 79.513 0.482
11 42 64.771 0.884
11 43 91.165 0.326
11 44 22.996 1.204
11 45 33.226 1.401
11 46 36.473 1.7
11 47 80.619 2.086
11 48 43.057 0.427
11 49 90.795 1.981
12 13 14.122 2.173
12 14 93.546 0.678
12 15 45.926 0.074
12 16 59.675 0.491
12 17 19.104 0.136
12 18 64.31 1.441
12 19 33.53 1.538
12 20 38.245 2.114
12 21 67.199 1.471
12 22 3.617 0.466
12 23 81.885 0.824
12 24 1.691 1.842
12 25 60.033 2.002
12 26 3.567 0.367
12 27 5.144 0.261
12 28 56.686 1.398
12 29 7.96 2.133
12 30 68.135 0.115
12 31 22.687 0.954
12 32 14.566 1.12
12 33 80.207 1.246
12 34 30.003 0.855
12 35 23.044 2.061
12 36 97.748 0.276
12 37 63.654 0.342
12 38 28.364 2.055
12 39 8.117 0.042
12 40 88.599 1.342
12 41 81.789 2.03
12 42 39.096 0.628
12 43 18.394 0.41
12 44 13.589 0.28
12 45 62.5 1.254
12 46 14.527 1.76
12 47 71.231 1.395
12 48 39.185 1.221
12 49 98.887 1.929
13 14 16.001 0.213
13 15 14.818 0.198
13 16 32.531 1.148
13 17 89.715 0.534
13 18 36.463 0.44
13 19 92.659 0.73
13 20 54.326 1.065
13 21 52.768 1.165
13 22 92.946 1.268
13 23 51.314 1.072
13 24 25.682 0.221
13 25 64.893 1.837
13 26 78.699 0.338
13 27 87.621 0.609
13 28 66.815 2.08
13 29 32.614 0.392
13 30 27.368 1.114
13 31 32.964 0.113
13 32 11.979 1.72
13 33 45.834 1.475
13 34 27.522 0.139
13 35 69.723 0.465
13 36 43.086 1.833
13 37 62.558 0.78
13 38 92.296 0.385
13 39 78.536 1.002
13 40 79.882 0.517
13 41 13.163 2.123
13 42 33.348 1.498
13 43 43.701 0.741
13 44 12.661 1.642
13 45 57.212 1.534
13 46 97.492 1.937
13 47 64.505 0.027
13 48 6.021 1.308
13 49 95.903 1.675
14 15 9.262 0.537
14 16 57.925 1.121
14 17 45.016 0.821
14 18 97.317 0.081
14 19 36.126 0.43
14 20 5.04 1.022
14 21 70.099 0.399
14 22 68.25 1.677
14 23 82.521 1.448
14 24 66.955 1.35
14 25 67.61 0.055
14 26 77.215 0.743
14 27 89.926 1.171
14 28 52.729 1.979
14 29 31.933 0.203
14 30 29.025 1.853
14 31 12.477 0.395
14 32 68.398 1.641
14 33 73.091 0.977
14 34 42.394 2.153
14 35 35.848 0.338
14 36 79.925 1.833
14 37 38.56 1.395
14 38 41.407 0.493
14 39 16.274 0.539
14 40 32.727 1.557
14 41 4.679 0.829
14 42 64.693 1.735
14 43 39.662 2.104
14 44 36.34 0.716
14 45 67.991 1.277
14 46 25.848 0.951
14 47 94.637 1.451
14 48 21.322 0.896
14 49 78.983 1.526
15 16 8.499 1.128
15 17 90.831 0.48
15 18 55.856 1.568
15 19 29.248 1.435
15 20 77.235 0.37
15 21 86.021 1.03
15 22 63.069 0.626
15 23 62.137 1.435
15 24 93.793 1.019
15 25 53.58 1.796
15 26 30.194 2.141
15 27 23.974 1.771
15 28 91.565 0.262
15 29 81.06 0.834
15 30 18.398 0.121
15 31 49.058 0.87
15 32 80.542 0.009
15 33 95.076 1.938
15 34 18.143 2.173
15 35 42.36 0.674
15 36 38.979 0.807
15 37 51.149 0.705
15 38 10.428 0.382
15 39 45.173 0.297
15 40 13.848 1.188
15 41 10.532 0.446
15 42 68.517 1.688
15 43 34.002 0.566
15 44 95.055 1.696
15 45 88.666 0.754
15 46 86.807 0.875
15 47 93.806 1.438
15 48 94.809 1.272
15 49 86.171 1.221
16 17 85.242 2.085
16 18 36.665 1.108
16 19 96.799 0.319
16 20 76.434 1.707
16 21 37.053 1.801
16 22 19.203 0.745
16 23 51.892 0.167
16 24 94.419 0.937
16 25 72.806 0.472
16 26 41.307 1.275
16 27 40.4 0.988
16 28 41.767 0.821
16 29 91.037 2.039
16 30 67.474 1.551
16 31 82.074 1.256
16 32 33.463 1.242
16 33 97.393 1.472
16 34 45.181 0.232
16 35 60.552 0.073
16 36 61.883 0.386
16 37 42.873 0.796
16 38 78.289 0.711
16 39 40.972 0.738
16 40 14.607 0.386
16 41 53.154 1.942
16 42 19.128 1.841
16 43 23.938 0.963
16 44 63.814 0.442
16 45 47.213 0.518
16 46 75.218 0.57
16 47 7.153 1.656
16 48 79.301 1.847
16 49 31.608 0.694
17 18 63.853 1.98
17 19 60.515 1.029
17 20 1.995 0.072
17 21 8.885 2.176
17 22 69.28 0.869
17 23 92.004 1.735
17 24 43.802 0.87
17 25 82.688 0.678
17 26 78.849 2.106
17 27 16.338 0.109
17 28 90.856 1.515
17 29 32.495 0.271
17 30 95.09 0.164
17 31 55.589 0.981
17 32 97.42 1.99
17 33 95.039 0.782
17 34 83.827 1.092
17 35 35.041 0.526
17 36 37.883 0.091
17 37 99.206 1.2
17 38 60.707 2.158
17 39 42.458 2.071
17 40 79.698 1.705
17 41 12.148 0.635
17 42 33.132 1.466
17 43 89.546 1.744
17 44 92.726 1.242
17 45 66.134 1.536
17 46 94.318 1.725
17 47 95.382 0.186
17 48 24.928 1.28
17 49 81.983 0.169
18 19 99.507 0.863
18 20 88.12 2.18
18 21 79.434 1.732
18 22 95.73 2.034
18 23 5.132 1.706
18 24 28.874 0.571
18 25 63.199 1.203
18 26 81.517 0.544
18 27 22.053 2.024
18 28 90.71 0.598
18 29 64.752 0.147
18 30 69.536 0.495
18 31 49.089 0.522
18 32 3.513 2.174
18 33 14.829 0.817
18 34 59.42 1.077
18 35 60.046 0.129
18 36 42.647 2.081
18 37 29.89 0.156
18 38 1.609 1.435
18 39 72.508 1.352
18 40 76.084 1.101
18 41 15.439 1.374
18 42 91.918 2.15
18 43 50.749 0.12
18 44 27.222 0.828
18 45 25.368 0.029
18 46 14.977 0.119
18 47 70.978 0.188
18 48 83.817 0.494
18 49 83.502 2.031
19 20 24.575 2.065
19 21 23.9 1.694
19 22 72.251 1.75
19 23 42.188 2.016
19 24 20.981 0.271
19 25 84.449 0.871
19 26 39.448 2.098
19 27 64.168 0.653
19 28 70.276 1.479
19 29 34.395 1.299
19 30 59.699 1.493
19 31 51.557 0.851
19 32 26.525 1.268
19 33 22.618 0.193
19 34 66.396 1.696
19 35 77.375 1.444
19 36 36.231 0.316
19 37 97.626 1.753
19 38 38.408 0.519
19 39 42.631 1.099
19 40 80.768 1.306
19 41 68.035 2.081
19 42 18.555 1.295
19 43 65.531 0.836
19 44 57.469 1.251
19 45 22.703 1.253
19 46 42.416 0.43
19 47 20.223 1.334
19 48 59.229 0.638
19 49 65.253 0.234
20 21 77.738 0.51
20 22 37.371 0.076
20 23 73.394 1.554
20 24 86.417 0.015
20 25 9.272 2.124
20 26 24.9 0.07
20 27 99.868 1.68
20 28 63.92 2.047
20 29 56.184 1.74
20 30 65.903 0.674
20 31 47.037 0.606
20 32 90.159 2.075
20 33 52.075 0.879
20 34 74.08 2.189
20 35 72.888 0.55
20 36 74.454 0.24
20 37 62.322 0.053
20 38 67.109 0.999
20 39 0.02 0.083
20 40 79.223 2.147
20 41 34.11 1.444
20 42 73.545 0.593
20 43 27.309 2.067
20 44 2.156 0.509
20 45 71.622 0.745
20 46 25.992 1.16
20 47 85.429 1.025
20 48 74.43 1.666
20 49 12.372 0.126
21 22 91.338 0.487
21 23 32.897 1.785
21 24 0.851 0.47
21 25 73.267 1.774
21 26 86.788 1.34
21 27 96.215 1.589
21 28 17.873 1.528
21 29 32.751 0
21 30 60.053 0.712
21 31 75.232 0.035
21 32 2.406 0.901
21 33 59.602 1.284
21 34 27.949 1.114
21 35 98.18 1.305
21 36 8.21 1.84
21 37 69.824 0
21 38 30.519 1.818
21 39 43.98 1.346
21 40 93.215 0.208
21 41 45.452 0.005
21 42 39.796 1.042
21 43 8.86 0.13
21 44 34.75 0.857
21 45 81.785 1.883
21 46 59.317 1.468
21 47 89.636 0.44
21 48 17.103 0.95
21 49 17.789 0
22 23 95.457 0.313
22 24 63.95 1.941
22 25 59.529 1.556
22 26 39.417 1.727
22 27 18.951 0.613
22 28 93.471 2.194
22 29 65.329 0.251
22 30 32.546 2.115
22 31 92.18 0.659
22 32 78.286 0.541
22 33 30.608 0.728
22 34 25.646 0.513
22 35 97.181 2.02
22 36 12.9 1.232
22 37 52.507 0.118
22 38 9.534 0.924
22 39 42.582 0.764
22 40 50.05 1.775
22 41 84.261 1.049
22 42 40.794 2.176
22 43 48.319 1.362
22 44 44.613 0.568
22 45 14.889 1.755
22 46 58.402 1.83
22 47 9.541 2.112
22 48 51.447 1.817
22 49 62.055 1.659
23 24 44.655 1.0
23 25 54.597 1.389
23 26 47.097 0.78
23 27 94.152 0.526
23 28 73.123 0.911
23 29 24.27 0.077
23 30 79.56 0.432
23 31 79.824 1.183
23 32 46.781 1.131
23 33 88.147 0.912
23 34 76.014 0.501
23 35 65.182 0.832
23 36 36.763 1.127
23 37 35.837 1.078
23 38 34.473 0.24
23 39 37.383 1.805
23 40 32.399 0.462
23 41 11.798 1.292
23 42 97.063 1.822
23 43 15.772 0.657
23 44 48.419 1.283
23 45 16.946 0.094
23 46 45.383 1.687
23 47 43.478 1.179
23 48 93.785 1.575
23 49 87.058 0.611
24 25 99.969 1.471
24 26 84.647 1.64
24 27 99.209 0.008
24 28 68.953 1.002
24 29 71.132 0.579
24 30 69.708 1.63
24 31 35.15 0.264
24 32 21.857 1.281
24 33 92.225 0.908
24 34 73.266 1.912
24 35 25.618 0.802
24 36 42.178 1.021
24 37 30.23 1.151
24 38 19.222 2.193
24 39 39.758 1.883
24 40 43.95 1.493
24 41 54.16 1.923
24 42 15.493 0.151
24 43 38.806 0.153
24 44 39.984 2.075
24 45 34.616 0.315
24 46 21.673 1.88
24 47 21.556 1.566
24 48 80.641 1.834
24 49 18.09 2.014
25 26 33.57 0.426
25 27 83.155 1.88
25 28 89.491 1.283
25 29 28.797 0.44
25 30 75.772 0.389
25 31 5.824 1.348
25 32 39.962 0.443
25 33 64.588 1.524
25 34 22.113 1.293
25 35 30.216 0.947
25 36 25.544 0.115
25 37 90.134 2.186
25 38 51.201 1.78
25 39 61.87 1.144
25 40 71.23 1.8
25 41 89.521 1.699
25 42 78.644 1.59
25 43 40.53 2.005
25 44 41.861 1.879
25 45 54.579 0.729
25 46 88.126 1.744
25 47 64.338 0.065
25 48 18.148 2.046
25 49 13.884 0.438
26 27 4.793 2.024
26 28 64.331 1.321
26 29 69.344 0.758
26 30 80.237 1.039
26 31 72.931 0.451
26 32 99.699 0.476
26 33 17.788 1.649
26 34 0.071 0.554
26 35 26.5 0.097
26 36 98.238 0.539
26 37 95.518 0.161
26 38 68.684 1.671
26 39 20.17 0.457
26 40 55.103 1.221
26 41 52.012 1.818
26 42 52.717 0.532
26 43 89.991 0.406
26 44 3.081 0.74
26 45 87.913 1.268
26 46 91.014 1.324
26 47 18.834 1.089
26 48 93.676 0.685
26 49 73.837 1.58
27 28 9.384 1.11
27 29 28.948 0.432
27 30 51.787 1.095
27 31 72.664 1.633
27 32 20.173 0.848
27 33 78.256 2.19
27 34 14.642 0.783
27 35 85.825 1.704
27 36 5.972 1.959
27 37 64.036 1.592
27 38 2.236 1.995
27 39 57.123 0.971
27 40 45.222 0.278
27 41 91.877 0.79
27 42 9.97 1.359
27 43 40.23 0.867
27 44 14.855 0.226
27 45 41.945 0.783
27 46 7.397 2.111
27 47 22.359 1.604
27 48 27.456 1.626
27 49 37.124 1.243
28 29 22.724 1.067
28 30 30.215 1.103
28 31 6.623 0.914
28 32 98.909 0.31
28 33 8.322 1.267
28 34 82.802 1.253
28 35 43.516 0.178
28 36 72.89 1.851
28 37 96.511 1.498
28 38 41.784 1.557
28 39 80.446 2.0
28 40 9.911 1.674
28 41 35.558 1.737
28 42 7.134 0.2
28 43 22.407 1.675
28 44 43.483 0.798
28 45 50.312 0.727
28 46 55.648 0.593
28 47 2.2 1.035
28 48 94.625 0.29
28 49 72.446 1.791
29 30 11.383 0.734
29 31 71.115 0.83
29 32 87.277 1.445
29 33 68.779 0.182
29 34 32.157 0.015
29 35 29.133 1.552
29 36 11.636 0.391
29 37 27.945 0
29 38 23.161 0.252
29 39 73.378 1.849
29 40 93.524 0.569
29 41 51.434 0.017
29 42 30.638 1.148
29 43 45.284 0.119
29 44 85.899 1.659
29 45 0.832 0.511
29 46 68.435 1.943
29 47 39.756 2.136
29 48 39.122 1.749
29 49 78.052 0
30 31 41.41 2.056
30 32 32.135 1.087
30 33 15.643 2.105
30 34 20.724 0.049
30 35 68.422 2.062
30 36 75.303 2.184
30 37 96.747 1.441
30 38 39.165 2.067
30 39 58.448 0.559
30 40 19.566 0.863
30 41 78.047 1.52
30 42 64.074 1.552
30 43 81.888 0.892
30 44 0.221 0.386
30 45 96.277 1.92
30 46 21.669 2.028
30 47 61.461 0.159
30 48 99.063 2.162
30 49 42.118 1.638
31 32 44.463 0.837
31 33 22.701 0.507
31 34 31.096 0.192
31 35 23.257 1.498
31 36 63.297 1.491
31 37 67.667 1.103
31 38 8.415 1.876
31 39 21.843 1.14
31 40 97.543 0.551
31 41 91.848 1.736
31 42 70.509 1.762
31 43 6.04 0.794
31 44 3.314 1.861
31 45 8.387 2.183
31 46 56.087 0.477
31 47 55.961 0.512
31 48 11.959 1.374
31 49 77.416 1.634
32 33 93.995 2.066
32 34 14.82 1.51
32 35 30.944 1.58
32 36 39.729 2.075
32 37 98.22 2.048
32 38 27.779 0.64
32 39 0.593 0.748
32 40 22.277 1.175
32 41 73.579 1.89
32 42 21.471 0.512
32 43 75.106 1.718
32 44 56.438 1.378
32 45 92.049 1.895
32 46 72.442 0.045
32 47 52.042 1.522
32 48 58.092 1.921
32 49 57.662 1.523
33 34 81.482 1.399
33 35 82.629 0.923
33 36 0.881 0.537
33 37 46.879 1.519
33 38 47.414 1.934
33 39 25.487 1.553
33 40 77.59 0.246
33 41 98.277 1.571
33 42 39.877 1.698
33 43 79.817 0.409
33 44 64.005 0.587
33 45 84.47 1.391
33 46 29.582 1.823
33 47 52.975 0.694
33 48 26.704 1.654
33 49 43.739 2.107
34 35 94.233 0.639
34 36 62.868 0.367
34 37 67.967 2.014
34 38 66.026 0.8
34 39 87.478 1.627
34 40 87.258 0.311
34 41 69.001 0.077
34 42 72.558 1.726
34 43 79.466 0.304
34 44 49.512 2.151
34 45 24.295 1.284
34 46 75.275 0.84
34 47 30.365 2.028
34 48 77.083 0.226
34 49 66.609 1.179
35 36 41.733 1.447
35 37 25.301 1.656
35 38 74.832 0.067
35 39 59.713 1.604
35 40 75.983 2.178
35 41 52.51 1.948
35 42 53.512 1.604
35 43 91.914 0.601
35 44 6.097 1.976
35 45 30.509 0.949
35 46 15.375 0.153
35 47 49.533 0.118
35 48 58.095 1.899
35 49 20.346 2.097
36 37 79.204 0.575
36 38 40.71 0.23
36 39 81.059 1.233
36 40 17.877 1.726
36 41 89.718 0.004
36 42 33.078 0.977
36 43 73.913 1.17
36 44 38.947 2.073
36 45 36.28 0.562
36 46 73.218 0.606
36 47 22.545 1.578
36 48 60.763 0.663
36 49 42.049 1.626
37 38 23.745 0.587
37 39 98.142 2.092
37 40 28.656 1.194
37 41 40.521 0.306
37 42 71.917 1.545
37 43 83.768 1.0
37 44 38.253 1.48
37 45 6.436 1.769
37 46 21.656 1.479
37 47 39.445 0.859
37 48 89.251 1.768
37 49 99.56 0
38 39 1.958 1.968
38 40 30.825 1.307
38 41 37.156 2.198
38 42 44.355 0.717
38 43 47.736 2.14
38 44 45.063 0.433
38 45 0.497 0.561
38 46 92.034 1.358
38 47 71.696 0.357
38 48 2.497 1.408
38 49 48.145 0.185
39 40 49.476 0.816
39 41 22.552 2.016
39 42 32.446 1.501
39 43 71.486 0.598
39 44 27.462 0.249
39 45 83.579 0.792
39 46 55.966 0.209
39 47 66.546 0.797
39 48 29.148 1.057
39 49 87.629 2.12
40 41 8.652 0.546
40 42 36.196 1.918
40 43 80.936 0.775
40 44 4.125 1.721
40 45 91.399 1.808
40 46 62.165 1.958
40 47 16.657 0.088
40 48 65.189 0.302
40 49 19.851 1.228
41 42 33.825 0.172
41 43 41.466 1.872
41 44 22.76 0.637
41 45 13.492 2.038
41 46 36.701 0.684
41 47 5.006 0.313
41 48 64.023 1.308
41 49 6.405 1.113
42 43 92.206 0.5
42 44 81.187 1.236
42 45 50.435 1.096
42 46 4.667 0.121
42 47 13.458 0.932
42 48 14.18 2.072
42 49 79.615 1.131
43 44 72.299 1.581
43 45 96.883 1.381
43 46 47.9 1.304
43 47 1.909 1.882
43 48 73.185 1.927
43 49 71.893 0.83
44 45 51.775 0.417
44 46 8.547 1.568
44 47 96.098 0.511
44 48 82.162 0.848
44 49 38.718 0.497
45 46 49.907 0.908
45 47 42.064 1.893
45 48 14.069 1.939
45 49 52.161 1.179
46 47 12.68 0.456
46 48 97.592 1.68
46 49 28.803 1.055
47 48 85.105 0.17
47 49 59.373 0.83
48 49 18.718 0.288